{"cell_count":[10,10],"cell_size":1.0000,"pressure":[[-808.0148,-713.3927,-623.3142,-536.5356,-451.5558,-366.7873,-280.7284,-192.1169,-100.0500,-4.0590],[-713.3927,-618.7220,-528.5497,-441.6376,-356.4908,-271.5295,-185.2596,-96.4264,-4.1333,92.0834],[-623.3142,-528.5497,-438.1974,-351.0294,-265.5643,-180.2372,-93.5697,-4.3212,88.3922,185.0248],[-536.5356,-441.6376,-351.0294,-263.4997,-177.5876,-91.7511,-4.5347,85.2806,178.5609,275.7472],[-451.5558,-356.4908,-265.5643,-177.5876,-91.1280,-4.6739,83.1993,173.6826,267.6190,365.4338],[-366.7873,-271.5295,-180.2372,-91.7511,-4.6739,82.4671,171.0583,262.2566,356.8779,455.3292],[-280.7284,-185.2596,-93.5697,-4.5347,83.1993,171.0583,260.3836,352.2921,447.5689,546.6017],[-192.1169,-96.4264,-4.3212,85.2806,173.6826,262.2566,352.2921,444.8610,540.7149,640.2217],[-100.0500,-4.1333,88.3922,178.5609,267.6190,356.8779,447.5689,540.7150,637.0317,736.8673],[-4.0590,92.0834,185.0248,275.7472,365.4338,455.3292,546.6017,640.2217,736.8673,836.8673]],"velocities_x":[[20.0000,20.0000,20.0000,20.0000,20.0000,20.0000,20.0000,20.0000,20.0000,20.0000],[0.5378,0.5329,0.5236,0.5102,0.4935,0.4742,0.4531,0.4309,0.4083,0.3858],[0.9922,0.9828,0.9648,0.9392,0.9073,0.8708,0.8310,0.7895,0.7475,0.7059],[1.3221,1.3088,1.2832,1.2470,1.2023,1.1514,1.0965,1.0398,0.9831,0.9278],[1.5020,1.4853,1.4535,1.4088,1.3540,1.2923,1.2266,1.1598,1.0942,1.0313],[1.5231,1.5039,1.4673,1.4164,1.3546,1.2859,1.2141,1.1426,1.0741,1.0105],[1.3941,1.3730,1.3332,1.2784,1.2127,1.1409,1.0675,0.9965,0.9309,0.8727],[1.1389,1.1167,1.0752,1.0185,0.9517,0.8802,0.8092,0.7431,0.6854,0.6380],[0.7933,0.7707,0.7287,0.6720,0.6064,0.5379,0.4723,0.4146,0.3683,0.3354],[0.4009,0.3783,0.3367,0.2814,0.2185,0.1549,0.0967,0.0493,0.0164,0.0000],[0.0000,0.0000,0.0000,0.0000,0.0000,0.0000,0.0000,0.0000,0.0000,0.0000]],"velocities_y":[[0.0000,0.5378,0.9922,1.3221,1.5020,1.5231,1.3941,1.1389,0.7933,0.4009,0.0000],[0.0000,0.5329,0.9828,1.3088,1.4853,1.5039,1.3730,1.1167,0.7707,0.3783,0.0000],[0.0000,0.5236,0.9648,1.2832,1.4535,1.4673,1.3332,1.0752,0.7287,0.3367,0.0000],[0.0000,0.5102,0.9392,1.2470,1.4088,1.4163,1.2784,1.0185,0.6720,0.2814,0.0000],[0.0000,0.4935,0.9073,1.2023,1.3540,1.3546,1.2127,0.9517,0.6064,0.2185,0.0000],[0.0000,0.4742,0.8708,1.1514,1.2923,1.2859,1.1409,0.8802,0.5379,0.1549,0.0000],[0.0000,0.4531,0.8310,1.0965,1.2266,1.2141,1.0675,0.8092,0.4723,0.0967,0.0000],[0.0000,0.4309,0.7895,1.0398,1.1598,1.1426,0.9965,0.7431,0.4146,0.0493,0.0000],[0.0000,0.4083,0.7475,0.9831,1.0942,1.0741,0.9309,0.6854,0.3683,0.0164,0.0000],[0.0000,0.3858,0.7059,0.9278,1.0313,1.0105,0.8727,0.6380,0.3354,0.0000,0.0000]]}