{"cell_count":[10,10],"cell_size":1.0000,"pressure":[[-126.1111,-96.4815,-76.7284,-66.8518,-62.4623,-60.6333,-59.9017,-59.6172,-42.8430,1.6303],[-96.4815,-66.8519,-47.0988,-37.2222,-32.8326,-31.0037,-30.2721,-29.9876,-7.6578,25.7043],[-76.7284,-47.0988,-27.3457,-17.4691,-13.0796,-11.2506,-10.5190,-10.2345,17.1879,46.9492],[-66.8518,-37.2222,-17.4691,-7.5926,-3.2030,-1.3740,-0.6424,-0.3579,30.1894,60.2851],[-62.4623,-32.8326,-13.0796,-3.2030,1.1866,3.0155,3.7471,4.0317,36.1833,67.4600],[-60.6333,-31.0037,-11.2506,-1.3740,3.0155,4.8445,5.5761,5.8606,38.7563,70.9836],[-59.9017,-30.2721,-10.5190,-0.6424,3.7471,5.5761,6.3077,6.5922,39.8111,72.6113],[-59.6172,-29.9876,-10.2345,-0.3579,4.0317,5.8606,6.5922,6.8767,40.2297,73.3307],[-42.8430,-7.6578,17.1879,30.1894,36.1833,38.7563,39.8111,40.2297,73.6904,151.3907],[1.6303,25.7043,46.9492,60.2851,67.4600,70.9836,72.6113,73.3307,151.3907,151.3907]],"velocities_x":[[20.0000,20.0000,20.0000,20.0000,20.0000,20.0000,20.0000,20.0000,20.0000,20.0000],[3.7037,3.7037,3.7037,3.7037,3.7037,3.7037,3.7037,3.7037,3.1481,3.1481],[6.9136,6.9136,6.9136,6.9136,6.9136,6.9136,6.9136,6.9136,6.4043,6.0237],[8.6420,8.6420,8.6420,8.6420,8.6420,8.6420,8.6420,8.6420,8.3295,7.9257],[9.4376,9.4376,9.4376,9.4376,9.4376,9.4376,9.4376,9.4376,9.2772,8.9944],[9.7759,9.7759,9.7759,9.7759,9.7759,9.7759,9.7759,9.7759,9.7015,9.5379],[9.9131,9.9131,9.9131,9.9131,9.9131,9.9131,9.9131,9.9131,9.8808,9.7961],[9.9670,9.9670,9.9670,9.9670,9.9670,9.9670,9.9670,9.9670,9.9536,9.9128],[8.3211,7.7655,7.2562,6.9437,6.7833,6.7089,6.6766,6.6632,6.6524,2.1884],[3.0523,3.0523,2.6716,2.2678,1.9851,1.8215,1.7367,1.6960,-2.7680,-0.0000],[0.0000,0.0000,0.0000,0.0000,0.0000,0.0000,0.0000,0.0000,0.0000,0.0000]],"velocities_y":[[0.0000,3.7037,6.9136,8.6420,9.4376,9.7759,9.9131,9.9670,8.3211,3.0523,0.0000],[0.0000,3.7037,6.9136,8.6420,9.4376,9.7759,9.9131,9.9670,7.7655,3.0523,0.0000],[0.0000,3.7037,6.9136,8.6420,9.4376,9.7759,9.9131,9.9670,7.2562,2.6716,0.0000],[0.0000,3.7037,6.9136,8.6420,9.4376,9.7759,9.9131,9.9670,6.9437,2.2678,0.0000],[0.0000,3.7037,6.9136,8.6420,9.4376,9.7759,9.9131,9.9670,6.7833,1.9851,0.0000],[0.0000,3.7037,6.9136,8.6420,9.4376,9.7759,9.9131,9.9670,6.7089,1.8215,0.0000],[0.0000,3.7037,6.9136,8.6420,9.4376,9.7759,9.9131,9.9670,6.6766,1.7367,0.0000],[0.0000,3.7037,6.9136,8.6420,9.4376,9.7759,9.9131,9.9670,6.6632,1.6960,0.0000],[0.0000,3.1481,6.4043,8.3295,9.2772,9.7015,9.8808,9.9536,6.6524,-2.7680,0.0000],[0.0000,3.1481,6.0237,7.9257,8.9944,9.5379,9.7961,9.9128,2.1884,0.0000,0.0000]]}