{"cell_count":[10,10],"cell_size":1.0000,"pressure":[[-133.8692,-129.1341,-117.0628,-101.8009,-88.0270,-72.9116,-40.7134,-9.6127,3.0114,5.8335],[-129.1341,-124.3990,-112.3277,-97.0658,-83.2920,-67.4821,-35.8048,-5.8191,6.6151,10.0256],[-117.0628,-112.3277,-100.2564,-84.9945,-71.2206,-54.2534,-23.0695,5.3734,16.6271,19.4880],[-101.8009,-97.0658,-84.9945,-69.7326,-55.9587,-37.8630,-6.5578,20.8041,30.6135,32.1507],[-88.0270,-83.2920,-71.2206,-55.9587,-42.1849,-23.2484,8.6118,35.6830,44.5870,44.9575],[-72.9116,-67.4821,-54.2534,-37.8630,-23.2484,-3.2519,29.5387,57.0173,65.7737,88.6298],[-40.7134,-35.8048,-23.0695,-6.5578,8.6118,29.5387,63.3426,91.6001,135.9345,122.9754],[-9.6127,-5.8191,5.3734,20.8041,35.6830,57.0173,91.6001,161.4031,145.1658,137.1633],[3.0114,6.6151,16.6271,30.6135,44.5870,65.7737,135.9345,145.1658,144.2573,141.5898],[5.8335,10.0256,19.4880,32.1507,44.9575,88.6298,122.9754,137.1633,141.5898,141.5898]],"velocities_x":[[20.0000,20.0000,20.0000,20.0000,20.0000,20.0000,20.0000,20.0000,20.0000,20.0000],[0.4684,0.4684,0.4684,0.4684,0.4684,0.3990,0.3122,0.3427,0.4686,0.6637],[1.9143,1.9143,1.9143,1.9143,1.9143,1.7986,1.6512,1.6177,1.7183,1.9259],[3.9841,3.9841,3.9841,3.9841,3.9841,3.8713,3.6913,3.5627,3.5390,3.6165],[6.0036,6.0036,6.0036,6.0036,6.0036,5.9195,5.7523,5.5731,5.4393,5.3699],[7.0823,7.0129,6.8972,6.7843,6.7002,6.5942,6.4372,6.2492,6.0643,3.6023],[5.3304,5.2436,5.0962,4.9163,4.7490,4.5920,4.4245,4.2406,0.5316,0.9695],[2.1673,2.1978,2.1643,2.0357,1.8565,1.6685,1.4846,-2.7698,-0.9018,-0.1296],[0.5194,0.6454,0.7460,0.7222,0.5884,0.4035,-3.3055,-1.4374,-0.6598,-0.2631],[0.2460,0.4411,0.6487,0.7263,0.6569,-1.8052,-1.3673,-0.5950,-0.1983,-0.0000],[0.0000,0.0000,0.0000,0.0000,0.0000,0.0000,0.0000,0.0000,0.0000,0.0000]],"velocities_y":[[0.0000,0.4684,1.9143,3.9841,6.0036,7.0823,5.3304,2.1673,0.5194,0.2460,0.0000],[0.0000,0.4684,1.9143,3.9842,6.0036,7.0129,5.2436,2.1978,0.6454,0.4411,0.0000],[0.0000,0.4684,1.9143,3.9841,6.0036,6.8972,5.0962,2.1643,0.7460,0.6487,0.0000],[0.0000,0.4684,1.9143,3.9841,6.0036,6.7843,4.9163,2.0357,0.7222,0.7263,0.0000],[0.0000,0.4684,1.9143,3.9841,6.0036,6.7002,4.7490,1.8565,0.5884,0.6569,0.0000],[0.0000,0.3990,1.7986,3.8713,5.9195,6.5942,4.5920,1.6685,0.4035,-1.8052,0.0000],[0.0000,0.3122,1.6512,3.6913,5.7523,6.4372,4.4245,1.4846,-3.3055,-1.3673,0.0000],[0.0000,0.3427,1.6177,3.5627,5.5731,6.2492,4.2406,-2.7698,-1.4374,-0.5950,0.0000],[0.0000,0.4686,1.7183,3.5390,5.4393,6.0643,0.5316,-0.9018,-0.6598,-0.1983,0.0000],[0.0000,0.6637,1.9259,3.6165,5.3699,3.6023,0.9695,-0.1296,-0.2631,-0.0000,0.0000]]}