{"cell_count":[10,10],"cell_size":1.0000,"pressure":[[-133.8201,-132.5516,-123.2055,-99.4271,-69.4121,-45.9021,-31.0756,-21.2063,-14.9128,-12.6132],[-132.5516,-131.1963,-121.5427,-97.6789,-67.7728,-44.2531,-29.2763,-19.1990,-12.6867,-3.0263],[-123.2055,-121.5427,-111.3505,-87.3095,-57.5058,-33.9987,-18.8353,-8.4347,12.4452,20.1250],[-99.4271,-97.6789,-87.3095,-63.3979,-33.9689,-10.7575,4.3558,38.2584,43.6972,43.6112],[-69.4121,-67.7728,-57.5058,-33.9689,-5.1818,17.3859,64.1436,61.1665,61.8240,60.5284],[-45.9020,-44.2531,-33.9987,-10.7575,17.3859,74.8936,67.1266,69.8310,72.5768,72.4103],[-31.0756,-29.2763,-18.8353,4.3558,64.1436,67.1266,71.3684,76.9966,80.8055,81.2367],[-21.2063,-19.1990,-8.4347,38.2584,61.1665,69.8310,76.9966,83.2597,87.0594,87.4328],[-14.9128,-12.6867,12.4452,43.6972,61.8239,72.5767,80.8055,87.0594,90.5309,90.6553],[-12.6132,-3.0263,20.1250,43.6112,60.5284,72.4103,81.2367,87.4328,90.6553,90.6553]],"velocities_x":[[20.0000,20.0000,20.0000,20.0000,20.0000,20.0000,20.0000,20.0000,20.0000,20.0000],[-0.0682,-0.0769,-0.1163,-0.1661,-0.1879,-0.1792,-0.1540,-0.1228,-0.0899,-0.7664],[-0.7098,-0.7493,-0.8451,-0.9577,-1.0336,-1.0575,-1.0403,-0.9964,-2.3326,-2.9868],[-2.5026,-2.5524,-2.6650,-2.8092,-2.9327,-3.0059,-3.0247,-5.3289,-5.5087,-5.2224],[-4.6215,-4.6433,-4.7191,-4.8426,-4.9772,-5.0882,-8.3631,-7.5505,-6.8564,-6.2219],[-5.5059,-5.4972,-5.5211,-5.5943,-5.7053,-9.4022,-7.7038,-6.9911,-6.4706,-5.9752],[-4.8539,-4.8286,-4.8114,-4.8302,-8.1051,-6.4067,-5.7895,-5.4732,-5.2096,-4.9215],[-3.4892,-3.4580,-3.4141,-5.7183,-4.9057,-4.1931,-3.8768,-3.7172,-3.5875,-3.4389],[-2.0397,-2.0067,-3.3429,-3.5228,-2.8286,-2.3081,-2.0445,-1.9148,-1.8320,-1.7570],[-0.6347,-1.3112,-1.9654,-1.6791,-1.0447,-0.5493,-0.2612,-0.1126,-0.0375,0.0000],[0.0000,0.0000,0.0000,0.0000,0.0000,0.0000,0.0000,0.0000,0.0000,0.0000]],"velocities_y":[[0.0000,-0.0682,-0.7098,-2.5026,-4.6215,-5.5059,-4.8539,-3.4892,-2.0397,-0.6347,0.0000],[0.0000,-0.0769,-0.7493,-2.5524,-4.6433,-5.4972,-4.8286,-3.4580,-2.0067,-1.3112,0.0000],[0.0000,-0.1163,-0.8451,-2.6650,-4.7191,-5.5211,-4.8114,-3.4141,-3.3429,-1.9654,0.0000],[0.0000,-0.1661,-0.9577,-2.8092,-4.8426,-5.5943,-4.8302,-5.7183,-3.5228,-1.6791,0.0000],[0.0000,-0.1879,-1.0336,-2.9327,-4.9772,-5.7053,-8.1051,-4.9057,-2.8286,-1.0447,0.0000],[0.0000,-0.1792,-1.0575,-3.0059,-5.0882,-9.4022,-6.4067,-4.1931,-2.3081,-0.5493,0.0000],[0.0000,-0.1540,-1.0403,-3.0247,-8.3631,-7.7038,-5.7895,-3.8767,-2.0445,-0.2612,0.0000],[0.0000,-0.1228,-0.9964,-5.3289,-7.5505,-6.9911,-5.4732,-3.7172,-1.9148,-0.1126,0.0000],[0.0000,-0.0899,-2.3326,-5.5087,-6.8564,-6.4706,-5.2096,-3.5875,-1.8320,-0.0375,0.0000],[0.0000,-0.7664,-2.9868,-5.2224,-6.2219,-5.9752,-4.9215,-3.4389,-1.7570,0.0000,0.0000]]}