{"cell_count":[10,10],"cell_size":1.0000,"pressure":[[-133.8202,-131.4764,-123.6637,-111.2130,-94.2973,-62.9891,-26.6335,-5.4643,1.6764,3.7613],[-131.4764,-129.1326,-121.3198,-108.8692,-91.6063,-60.2402,-24.6744,-3.8450,3.5064,6.1810],[-123.6637,-121.3198,-113.5071,-101.0564,-83.1280,-51.7555,-17.1750,2.7850,9.7888,12.5666],[-111.2130,-108.8692,-101.0564,-88.6058,-69.9467,-38.3285,-4.4738,14.4086,20.4720,22.5743],[-94.2973,-91.6063,-83.1280,-69.9467,-50.0817,-17.5723,16.3119,34.5605,39.7064,58.3846],[-62.9891,-60.2402,-51.7555,-38.3285,-17.5722,15.9932,50.5058,68.7933,102.6186,97.4176],[-26.6335,-24.6744,-17.1750,-4.4738,16.3119,50.5058,85.7519,142.4709,127.0448,119.6471],[-5.4643,-3.8450,2.7850,14.4086,34.5605,68.7933,142.4709,137.1554,133.6932,130.1046],[1.6764,3.5064,9.7888,20.4720,39.7064,102.6186,127.0448,133.6932,135.3333,134.1371],[3.7613,6.1810,12.5666,22.5743,58.3846,97.4176,119.6471,130.1046,134.1371,134.1371]],"velocities_x":[[20.0000,20.0000,20.0000,20.0000,20.0000,20.0000,20.0000,20.0000,20.0000,20.0000],[0.2340,0.2340,0.2340,0.2340,0.1993,0.1241,0.1163,0.1807,0.2856,0.4218],[1.1331,1.1331,1.1331,1.1331,1.0665,0.9501,0.9013,0.9547,1.0901,1.2874],[2.7391,2.7391,2.7391,2.7391,2.6660,2.5286,2.4212,2.4004,2.4707,2.6158],[4.3120,4.2773,4.2108,4.1377,4.0171,3.8439,3.6737,3.5580,3.5159,1.7889],[3.9515,3.8763,3.7599,3.6225,3.4493,3.2377,3.0178,2.8259,-0.2269,-0.3010],[1.6949,1.6871,1.6382,1.5308,1.3606,1.1408,0.8999,-3.1272,-1.9110,-1.2535],[0.0504,0.1148,0.1683,0.1475,0.0317,-0.1602,-4.1873,-2.2383,-1.5667,-1.1753],[-0.1946,-0.0898,0.0456,0.1159,0.0738,-2.9790,-1.7629,-1.0912,-0.8238,-0.6664],[0.0375,0.1737,0.3709,0.5160,-1.2110,-1.2851,-0.6275,-0.2362,-0.0787,0.0000],[0.0000,0.0000,0.0000,0.0000,0.0000,0.0000,0.0000,0.0000,0.0000,0.0000]],"velocities_y":[[0.0000,0.2340,1.1331,2.7391,4.3120,3.9515,1.6949,0.0504,-0.1946,0.0375,0.0000],[0.0000,0.2340,1.1331,2.7391,4.2773,3.8763,1.6871,0.1148,-0.0898,0.1737,0.0000],[0.0000,0.2340,1.1331,2.7391,4.2108,3.7599,1.6382,0.1683,0.0456,0.3709,0.0000],[0.0000,0.2340,1.1331,2.7391,4.1377,3.6225,1.5308,0.1475,0.1159,0.5160,0.0000],[0.0000,0.1993,1.0665,2.6660,4.0171,3.4493,1.3606,0.0317,0.0738,-1.2110,0.0000],[0.0000,0.1241,0.9501,2.5286,3.8439,3.2377,1.1408,-0.1602,-2.9790,-1.2851,0.0000],[0.0000,0.1163,0.9013,2.4212,3.6737,3.0178,0.8999,-4.1873,-1.7629,-0.6275,0.0000],[0.0000,0.1807,0.9547,2.4004,3.5580,2.8259,-3.1272,-2.2383,-1.0912,-0.2362,0.0000],[0.0000,0.2856,1.0901,2.4707,3.5159,-0.2269,-1.9110,-1.5667,-0.8238,-0.0787,0.0000],[0.0000,0.4218,1.2874,2.6158,1.7889,-0.3010,-1.2535,-1.1753,-0.6664,0.0000,0.0000]]}