{"cell_count":[10,10],"cell_size":1.0000,"pressure":[[-94.5000,-61.1667,-50.0556,-46.3519,-45.1173,-44.7058,-44.5686,-44.5229,-44.5076,-19.5038],[-61.1667,-27.8333,-16.7222,-13.0185,-11.7840,-11.3724,-11.2353,-11.1895,-11.1743,24.9406],[-50.0556,-16.7222,-5.6111,-1.9074,-0.6728,-0.2613,-0.1241,-0.0784,-0.0632,43.4591],[-46.3519,-13.0185,-1.9074,1.7963,3.0309,3.4424,3.5796,3.6253,3.6405,50.8666],[-45.1173,-11.7840,-0.6728,3.0309,4.2654,4.6770,4.8141,4.8598,4.8751,53.7472],[-44.7058,-11.3724,-0.2613,3.4424,4.6770,5.0885,5.2256,5.2714,5.2866,54.8446],[-44.5686,-11.2353,-0.1241,3.5796,4.8141,5.2256,5.3628,5.4085,5.4238,55.2561],[-44.5229,-11.1895,-0.0784,3.6253,4.8598,5.2714,5.4085,5.4543,5.4695,55.4085],[-44.5076,-11.1743,-0.0632,3.6405,4.8751,5.2866,5.4238,5.4695,5.4848,55.4644],[-19.5038,24.9406,43.4591,50.8666,53.7472,54.8446,55.2561,55.4085,55.4644,155.4644]],"velocities_x":[[20.0000,20.0000,20.0000,20.0000,20.0000,20.0000,20.0000,20.0000,20.0000,20.0000],[6.6667,6.6667,6.6667,6.6667,6.6667,6.6667,6.6667,6.6667,6.6667,5.5556],[8.8889,8.8889,8.8889,8.8889,8.8889,8.8889,8.8889,8.8889,8.8889,8.1481],[9.6296,9.6296,9.6296,9.6296,9.6296,9.6296,9.6296,9.6296,9.6296,9.2593],[9.8765,9.8765,9.8765,9.8765,9.8765,9.8765,9.8765,9.8765,9.8765,9.7119],[9.9588,9.9588,9.9588,9.9588,9.9588,9.9588,9.9588,9.9588,9.9588,9.8903],[9.9863,9.9863,9.9863,9.9863,9.9863,9.9863,9.9863,9.9863,9.9863,9.9588],[9.9954,9.9954,9.9954,9.9954,9.9954,9.9954,9.9954,9.9954,9.9954,9.9848],[9.9985,9.9985,9.9985,9.9985,9.9985,9.9985,9.9985,9.9985,9.9985,9.9944],[7.4996,6.3885,5.6478,5.2774,5.1128,5.0442,5.0168,5.0061,5.0020,0.0000],[0.0000,0.0000,0.0000,0.0000,0.0000,0.0000,0.0000,0.0000,0.0000,0.0000]],"velocities_y":[[0.0000,6.6667,8.8889,9.6296,9.8765,9.9588,9.9863,9.9954,9.9985,7.4996,0.0000],[0.0000,6.6667,8.8889,9.6296,9.8765,9.9588,9.9863,9.9954,9.9985,6.3885,0.0000],[0.0000,6.6667,8.8889,9.6296,9.8765,9.9588,9.9863,9.9954,9.9985,5.6478,0.0000],[0.0000,6.6667,8.8889,9.6296,9.8765,9.9588,9.9863,9.9954,9.9985,5.2774,0.0000],[0.0000,6.6667,8.8889,9.6296,9.8765,9.9588,9.9863,9.9954,9.9985,5.1128,0.0000],[0.0000,6.6667,8.8889,9.6296,9.8765,9.9588,9.9863,9.9954,9.9985,5.0442,0.0000],[0.0000,6.6667,8.8889,9.6296,9.8765,9.9588,9.9863,9.9954,9.9985,5.0168,0.0000],[0.0000,6.6667,8.8889,9.6296,9.8765,9.9588,9.9863,9.9954,9.9985,5.0061,0.0000],[0.0000,6.6667,8.8889,9.6296,9.8765,9.9588,9.9863,9.9954,9.9985,5.0020,0.0000],[0.0000,5.5556,8.1481,9.2593,9.7119,9.8903,9.9588,9.9848,9.9944,0.0000,0.0000]]}