{"cell_count":[10,10],"cell_size":1.0000,"pressure":[[-133.9561,-124.4454,-107.3748,-90.8732,-78.8426,-71.3911,-59.8354,-24.9824,0.1997,6.8099],[-124.4454,-114.9346,-97.8640,-81.3625,-69.3318,-61.8804,-48.9357,-16.0504,7.5992,14.2076],[-107.3748,-97.8640,-80.7935,-64.2919,-52.2612,-44.8098,-29.8976,1.6246,22.9088,27.7033],[-90.8732,-81.3625,-64.2919,-47.7904,-35.7597,-28.3083,-11.7178,19.7988,39.6413,42.5740],[-78.8425,-69.3318,-52.2612,-35.7597,-23.7290,-16.2776,1.4301,33.6336,53.2161,55.2332],[-71.3911,-61.8804,-44.8098,-28.3083,-16.2776,-8.8261,9.5213,42.4766,62.4413,64.3892],[-59.8354,-48.9357,-29.8976,-11.7178,1.4301,9.5213,28.5304,62.2048,82.7699,114.7039],[-24.9824,-16.0504,1.6246,19.7988,33.6336,42.4766,62.2048,96.5725,158.4942,139.8503],[0.1997,7.5992,22.9088,39.6413,53.2161,62.4413,82.7699,158.4942,152.4236,146.2089],[6.8099,14.2076,27.7033,42.5740,55.2332,64.3893,114.7039,139.8503,146.2089,146.2089]],"velocities_x":[[20.0000,20.0000,20.0000,20.0000,20.0000,20.0000,20.0000,20.0000,20.0000,20.0000],[0.9419,0.9419,0.9419,0.9419,0.9419,0.9419,0.8030,0.7220,0.8290,1.0829],[3.1215,3.1215,3.1215,3.1215,3.1215,3.1215,2.9247,2.7370,2.7195,2.8722],[5.5103,5.5103,5.5103,5.5103,5.5103,5.5103,5.3425,5.1058,4.9376,4.8828],[7.3810,7.3810,7.3810,7.3810,7.3810,7.3810,7.2693,7.0610,6.8367,6.6506],[8.5939,8.5939,8.5939,8.5939,8.5939,8.5939,8.5299,8.3826,8.1830,7.9695],[8.5503,8.4114,8.2146,8.0468,7.9351,7.8711,7.8049,7.6988,7.5477,4.4040],[5.2774,5.1964,5.0086,4.7719,4.5637,4.4164,4.3103,4.2105,0.0213,1.2892],[1.7818,1.8888,1.8714,1.7032,1.4788,1.2791,1.1280,-3.0612,-0.7507,0.1795],[0.5282,0.7822,0.9348,0.8800,0.6939,0.4804,-2.6632,-1.3953,-0.4651,-0.0000],[0.0000,0.0000,0.0000,0.0000,0.0000,0.0000,0.0000,0.0000,0.0000,0.0000]],"velocities_y":[[0.0000,0.9419,3.1215,5.5103,7.3810,8.5939,8.5503,5.2774,1.7818,0.5282,0.0000],[0.0000,0.9419,3.1215,5.5103,7.3810,8.5939,8.4114,5.1964,1.8888,0.7822,0.0000],[0.0000,0.9419,3.1215,5.5103,7.3810,8.5939,8.2146,5.0086,1.8714,0.9348,0.0000],[0.0000,0.9419,3.1215,5.5103,7.3810,8.5939,8.0468,4.7719,1.7032,0.8800,0.0000],[0.0000,0.9419,3.1215,5.5103,7.3810,8.5939,7.9351,4.5637,1.4788,0.6939,0.0000],[0.0000,0.9419,3.1215,5.5103,7.3810,8.5939,7.8711,4.4164,1.2791,0.4804,0.0000],[0.0000,0.8030,2.9247,5.3425,7.2693,8.5299,7.8049,4.3103,1.1280,-2.6632,0.0000],[0.0000,0.7220,2.7370,5.1058,7.0610,8.3826,7.6988,4.2105,-3.0612,-1.3953,0.0000],[0.0000,0.8290,2.7195,4.9376,6.8367,8.1830,7.5477,0.0213,-0.7507,-0.4651,0.0000],[0.0000,1.0829,2.8722,4.8828,6.6506,7.9695,4.4040,1.2892,0.1795,0.0000,0.0000]]}